风机相关参数	单位	桂阳月和项目			SE15530功率特性曲线（空气密度：1.225kg/m3）			SE16433功率特性曲线（空气密度：1.059kg/m3）		
投运时间	2022/7/30				风速(m/s)	功率(KW)	推力系数	风速(m/s)	功率(KW)	推力系数
电厂平均海拔	1150m				3	48	1.19354	3	97.2	1.1513
总装机容量	MW	50			3.5	145	1.05617	3.5	200.6	1.0121
风机台数	台	16			4	271	0.952705	4	325.8	0.9078
风电机组额定功率	kW	3300、3000			4.5	429	0.871184	4.5	180.1	0.8252
切入风速	m/s	3			5	615	0.802408	5	662.3	0.7833
切出风速	m/s	20			5.5	825	0.802959	5.5	884	0.7839
叶片长度	m	80.5、76			6	1077	0.803449	6	1148	0.7845
风机型号		SE16433、SE15530			6.5	1375	0.803862	6.5	1458.6	0.7849
轮毂高度	m	100			7	1725	0.80427	7	1818	0.7853
电站、测风塔位置，例如经纬度	东经：112°776489'    北纬：25° 603'				7.5	2130	0.796847	7.5	2235	0.7621
接入方案	35kv场内集电+110kv升压送出				8	2563	0.753362	8	2655	0.7182
功率特性曲线					8.5	3000	0.696283	8.5	3000.1	0.6785
					9	3000	0.520683	9	3207.1	0.642
					9.5	3000	0.423802	9.5	3265.3	0.4956
					10	3000	0.354241	10	3284.3	0.4075
					10.5	3000	0.301204	10.5	3297.4	0.3438
					11	3000	0.259342	11	3299.9	0.2945
					11.5	3000	0.225614	11.5	3300	0.2552
					12	3000	0.198111	12	3300	0.2229
					12.5	3000	0.175298	12.5	3300	0.1969
					13	3000	0.155979	13	3300	0.1746
					13.5	3000	0.139281	13.5	3300	0.156
					14	3000	0.125439	14	3300	0.1403
					14.5	3000	0.113544	14.5	3300	0.1268
					15	3000	0.103269	15	3300	0.1151
					15.5	3000	0.094346	15.5	3300	0.105
					16	3000	0.08646	16	3300	0.0961
					16.5	3000	0.079592	16.5	3300	0.088
					17	3000	0.073519	17	3300	0.0811
					17.5	3000	0.068361	17.5	3300	0.075
					18	3000	0.063514	18	3300	0.0695
					18.5	3000	0.05918	18.5	3300	0.0649
					19	3000	0.05529	19	3300	0.0605
					19.5	3000	0.051789	19.5	3300	0.0566
					20	3000	0.048625	20	3300	0.053
