	日前出清电价				实时出清电价				日前出清电量					实时出清电量					日前出清台数					实时出清台数				
	湖南省均价	节点一（坡窑山）	节点二（邱家湖）	节点三（青山界）	湖南省均价	节点一（坡窑山）	节点二（邱家湖）	节点三（青山界）	总电量	火电	风电	光伏	储能	总电量	火电	风电	光伏	储能	总台数	火电	风电	光伏	储能	总台数	火电	风电	光伏	储能
2025-11-01 00:15:00	360.695	370.63	370.63	370.63	372.549	330.89	330.89	330.89	23213	5469.26	4103	0		23718	5628.52	3855.67	0											
2025-11-01 00:30:00	360.695	330.89	330.89	330.89	372.549	390.39	390.39	390.39	23016	5252.86	4046	0		23507	5366.66	3837.34	0											
2025-11-01 00:45:00	360.695	370.63	370.63	370.63	372.549	390.39	390.39	390.39	22656	5115.68	3992	0		23138	5426.71	3716.29	0											
2025-11-01 01:00:00	360.695	370.63	370.63	370.63	372.549	390.39	390.39	390.39	22231	4867.53	3932	0		22492	5412.19	3856.86	0											
2025-11-01 01:15:00	345.765	330.89	330.89	330.89	381.77	395.43	395.43	395.43	21773	4330.48	3874	0		21934	5505.34	3755.33	0											
2025-11-01 01:30:00	345.765	330.89	330.89	330.89	381.77	370.63	370.63	370.63	21511	4011.69	3828	0		21495	5304.1	3646.72	0											
2025-11-01 01:45:00	345.765	330.89	330.89	330.89	381.77	370.63	370.63	370.63	21250	3867.2	3781	0		21284	5161.37	3775.01	0											
2025-11-01 02:00:00	345.765	390.39	390.39	390.39	381.77	390.39	390.39	390.39	20890	4206.88	3734	0		20938	5195.37	3755.01	0											
2025-11-01 02:15:00	364.51	385.89	385.89	385.89	385.45	390.39	390.39	390.39	20464	4469.63	3704	0		20444	5374.3	3676.14	0											
2025-11-01 02:30:00	364.51	370.63	370.63	370.63	385.45	390.39	390.39	390.39	20202	4479.26	3684	0		20312	5398.1	3821.27	0											
2025-11-01 02:45:00	364.51	370.63	370.63	370.63	385.45	390.39	390.39	390.39	20006	4301.25	3667	0		20069	5286.37	3748.15	0											
2025-11-01 03:00:00	364.51	330.89	330.89	330.89	385.45	370.63	370.63	370.63	19845	4143.88	3654	0		19711	5083.84	3757.3	0											
2025-11-01 03:15:00	365.635	370.63	370.63	370.63	165.445	330.89	330.89	330.89	19717	4073.09	3643	0		19818	5068.6	3744.69	0											
2025-11-01 03:30:00	365.635	370.63	370.63	370.63	165.445	0	0	0	19573	3931.04	3642	0		19379	4778.92	3395.49	0											
2025-11-01 03:45:00	365.635	330.89	330.89	330.89	165.445	0	0	0	19381	3732.76	3645	0		19375	4820.73	3194.93	0											
2025-11-01 04:00:00	365.635	390.39	390.39	390.39	165.445	330.89	330.89	330.89	19333	3669.41	3646	0		19267	4652.9	4000.15	0											
2025-11-01 04:15:00	370.63	370.63	370.63	370.63	358.181	370.63	370.63	370.63	19142	3490.45	3657	0		19298	4817.98	4078.83	0											
2025-11-01 04:30:00	370.63	370.63	370.63	370.63	358.181	330.89	330.89	330.89	19222	3495.14	3656	0		19086	4747.55	4172.07	0											
2025-11-01 04:45:00	370.63	370.63	370.63	370.63	358.181	390.39	390.39	390.39	19142	3338.43	3665	0		19279	5064.97	4264.3	0											
2025-11-01 05:00:00	370.63	370.63	370.63	370.63	358.181	355.89	355.89	355.89	19206	3329.41	3668	0		19103	4857.83	4237.57	0											
2025-11-01 05:15:00	365.635	330.89	330.89	330.89	82.7225	330.89	330.89	330.89	19222	3276.94	3668	0		19324	4679.82	4342.52	0											
2025-11-01 05:30:00	365.635	370.63	370.63	370.63	82.7225	0	0	0	19333	3306.52	3660	0		19453	4676.26	4047.26	0											
2025-11-01 05:45:00	365.635	370.63	370.63	370.63	82.7225	0	0	0	19413	3321.93	3653	0		19619	4937.91	3542.82	0											
2025-11-01 06:00:00	365.635	390.39	390.39	390.39	82.7225	0	0	0	19605	3292.01	3644	0		19531	4855.42	3473.12	0											
2025-11-01 06:15:00	376.83	370.63	370.63	370.63	0	0	0	0	19843	2782.73	3625	2		19162	4497.94	3501.79	22.07											
2025-11-01 06:30:00	376.83	370.63	370.63	370.63	0	0	0	0	20235	2539.89	3602	4		19366	4510.87	3434.91	22.78											
2025-11-01 06:45:00	376.83	370.63	370.63	370.63	0	0	0	0	20595	2362.42	3574	25		20016	4506.17	3190	0											
2025-11-01 07:00:00	376.83	395.43	395.43	395.43	0	0	0	0	21544	3141.76	3543	70		20799	4799.08	3104.28	58.22											
2025-11-01 07:15:00	391.775	395.39	395.39	395.39	0	0	0	0	22427	3837.67	3491	139		21395	4951.4	2863.67	177.79											
2025-11-01 07:30:00	391.775	395.39	395.39	395.39	0	0	0	0	22984	4362.33	3433	249		21913	4902.89	2758.81	367.24											
2025-11-01 07:45:00	391.775	385.89	385.89	385.89	0	0	0	0	23474	4614.34	3372	395		22426	4711.42	2439.57	634.02											
2025-11-01 08:00:00	391.775	390.43	390.43	390.43	0	0	0	0	24043	5014.3	3287	594		22842	4451.74	2494.52	912.89											
2025-11-01 08:15:00	395.302	390.39	390.39	390.39	0	0	0	0	24528	5235.47	3209	825		23267	4327.99	2468.35	1209.71											
2025-11-01 08:30:00	395.302	395.39	395.39	395.39	0	0	0	0	24879	5456.53	3130	1075		23664	4183.59	2434.41	1529.94											
2025-11-01 08:45:00	395.302	395.43	395.43	395.43	0	0	0	0	25119	5485.87	3039	1335		23657	3909.82	2221.35	1846.36											
2025-11-01 09:00:00	395.302	400	400	400	0	0	0	0	25231	5488.78	2945	1579		23775	3751.35	2130.15	2126.19											
2025-11-01 09:15:00	395.525	395.89	395.89	395.89	166.445	0	0	0	25343	5388.07	2858	1810		23966	3724.39	2033.37	2381.96											
2025-11-01 09:30:00	395.525	395.39	395.39	395.39	166.445	330.89	330.89	330.89	25343	5398.78	2770	2035		23972	3617.72	2254.08	2951.93											
2025-11-01 09:45:00	395.525	395.39	395.39	395.39	166.445	4	4	4	25240	5307.35	2678	2259		24398	3574.09	2161	3392.7											
2025-11-01 10:00:00	395.525	395.43	395.43	395.43	166.445	330.89	330.89	330.89	25326	5382.81	2590	2486		24126	3502.13	2026.13	3550.88											
2025-11-01 10:15:00	397.525	395.89	395.89	395.89	165.445	330.89	330.89	330.89	25566	5453.42	2506	2686		24034	3319.5	2052.92	3834.59											
2025-11-01 10:30:00	397.525	399.39	399.39	399.39	165.445	330.89	330.89	330.89	25806	5902.44	2432	2878		24404	3048.3	1978.72	4307.87											
2025-11-01 10:45:00	397.525	395.43	395.43	395.43	165.445	0	0	0	26094	6246.81	2352	3053		24821	2630.6	1722.24	4549.2											
2025-11-01 11:00:00	397.525	399.39	399.39	399.39	165.445	0	0	0	26445	6666.59	2278	3229		24922	2342.68	1605.2	4592.38											
2025-11-01 11:15:00	285.728	411.63	411.63	411.63	97.5975	390.39	390.39	390.39	26701	7118.85	2206	3373		25179	2336.44	1938.06	5374.96											
2025-11-01 11:30:00	285.728	395.39	395.39	395.39	97.5975	0	0	0	25982	6340.19	2136	3506		24994	2220.86	1717.8	5279.63											
2025-11-01 11:45:00	285.728	330.89	330.89	330.89	97.5975	0	0	0	25343	5633.45	2075	3601		24462	1983.21	1570.79	5152.45											
2025-11-01 12:00:00	285.728	5	5	5	97.5975	0	0	0	24991	5292.22	2014	3667		24117	1492.86	1330.63	5209.77											
2025-11-01 12:15:00	375.525	390.39	390.39	390.39	0	0	0	0	26429	6680.24	1964	3721		25482	1428.59	1333.4	5359.43											
2025-11-01 12:30:00	375.525	390.43	390.43	390.43	0	0	0	0	26717	6925.59	1928	3754		25232	1341	1260.95	5277.41											
2025-11-01 12:45:00	375.525	390.39	390.39	390.39	0	0	0	0	26158	6663.2	1892	3734		24985	1334.33	1274.59	5350.61											
2025-11-01 13:00:00	375.525	330.89	330.89	330.89	0	0	0	0	25902	6709.75	1860	3705		24742	1417.53	1244.1	5182.71											
2025-11-01 13:15:00	167.445	4	4	4	0	0	0	0	25902	7107.74	1834	3630		24927	1544.92	1208.4	4988.51											
2025-11-01 13:30:00	167.445	330.89	330.89	330.89	0	0	0	0	25438	6778.22	1825	3548		24939	1652.33	1245.57	4807.84											
2025-11-01 13:45:00	167.445	330.89	330.89	330.89	0	0	0	0	25247	6768.98	1825	3439		24957	1951.18	1233.26	4657.94											
2025-11-01 14:00:00	167.445	4	4	4	0	0	0	0	24432	6082.22	1827	3295		23990	2212.18	1192.18	4340.15											
2025-11-01 14:15:00	279.167	5	5	5	148.892	0	0	0	24176	6017.74	1839	3141		23190	2464.94	1339.5	4327.5											
2025-11-01 14:30:00	279.167	330.89	330.89	330.89	148.892	245.39	390.39	178.46	24032	5856.8	1860	2958		23032	2890.15	1513.43	4311.05											
2025-11-01 14:45:00	279.167	390.39	390.39	390.39	148.892	0	0	0	23936	5747.16	1886	2764		22986	3317.17	1622.93	4123.82											
2025-11-01 15:00:00	279.167	390.39	390.39	390.39	148.892	363.55	385.89	353.23	24000	5821.35	1920	2557		23168	3683.93	1770.7	3910.08											
2025-11-01 15:15:00	400.265	395.39	395.39	395.39	384.4	390.39	390.39	390.39	24112	5651.84	1950	2343		23391	4123.41	2007.3	3643.44											
2025-11-01 15:30:00	400.265	399.39	399.39	399.39	384.4	395.43	395.43	395.43	24304	5632.81	1989	2131		23398	4520.17	2090.42	3170.56											
2025-11-01 15:45:00	400.265	410.89	410.89	410.89	384.4	420.89	420.89	420.89	24416	5884.57	2034	1889		23712	5519.62	2189.8	2720.6											
2025-11-01 16:00:00	400.265	395.39	395.39	395.39	384.4	330.89	330.89	330.89	24543	5489.41	2079	1668		23851	5532.11	2206.47	2439.5											
2025-11-01 16:15:00	350.76	370.63	370.63	370.63	0	0	0	0	24751	5536.55	2129	1436		23953	4867.1	2092.28	2012.54											
2025-11-01 16:30:00	350.76	370.63	370.63	370.63	0	0	0	0	25087	5785.23	2178	1204		24353	4797.05	1935.92	1566.48											
2025-11-01 16:45:00	350.76	330.89	330.89	330.89	0	0	0	0	25630	6122.02	2228	985		25039	4833.94	2515.22	1165.34											
2025-11-01 17:00:00	350.76	330.89	330.89	330.89	0	0	0	0	25732	5887.2	2277	791		25014	4992.69	2584.06	885.16											
2025-11-01 17:15:00	176.395	210	0	0	0.5	0	0	0	26354	6218	2337	600		25847	5187.06	2776.44	634.92											
2025-11-01 17:30:00	176.395	210	0	0	0.5	0	0	0	26485	6123.7	2390	425		26015	5286.61	2958.52	382.96											
2025-11-01 17:45:00	176.395	210	0	0	0.5	2	2	2	26648	6390.29	2445	220		26323	5580.1	3076.64	207.3											
2025-11-01 18:00:00	176.395	355.89	355.89	355.89	0.5	0	0	0	27008	6661.74	2501	116		26592	5560.95	3177.78	134.39											
2025-11-01 18:15:00	304.63	210	0	0	360.64	330.89	330.89	330.89	27148	6702.39	2550	35		27032	6162.95	3183.02	66.98											
2025-11-01 18:30:00	304.63	435.89	225.89	225.89	360.64	390.39	390.39	390.39	27148	6817.42	2595	6		26793	6479.65	3071.55	46.64											
2025-11-01 18:45:00	304.63	410.39	370.63	370.63	360.64	390.39	390.39	390.39	27008	6674.95	2636	1		26647	6749.02	3065.95	0											
2025-11-01 19:00:00	304.63	404.39	370.63	370.63	360.64	330.89	330.89	330.89	26910	6525.48	2679	1		26471	6242.97	3064.08	0											
2025-11-01 19:15:00	265.286	399.39	390.39	390.39	0	0	0	0	26779	6363.23	2699	0		26138	5721.59	3069.91	0											
2025-11-01 19:30:00	265.286	330.89	330.89	330.89	0	0	0	0	26550	6128.55	2704	0		25850	5422.05	3142.05	0											
2025-11-01 19:45:00	265.286	5	5	5	0	0	0	0	26321	5898.88	2706	0		25553	5066.55	2876.32	0											
2025-11-01 20:00:00	265.286	330.89	330.89	330.89	0	0	0	0	26027	5906.83	2720	0		25324	4984.05	2585.35	0											
2025-11-01 20:15:00	330.89	330.89	330.89	330.89	0	0	0	0	25961	5803.59	2691	0		25267	4965.17	2487.17	0											
2025-11-01 20:30:00	330.89	330.89	330.89	330.89	0	0	0	0	25928	5803.43	2657	0		25059	4943.58	2394.06	0											
2025-11-01 20:45:00	330.89	330.89	330.89	330.89	0	0	0	0	25765	5747.32	2610	0		24853	5021.38	2332.49	0											
2025-11-01 21:00:00	330.89	330.89	330.89	330.89	0	0	0	0	25438	5760.18	2560	0		24463	4945.54	2291.79	0											
2025-11-01 21:15:00	85.9725	5	5	5	0	0	0	0	25045	5731.84	2499	0		24158	5006.96	2275.43	0											
2025-11-01 21:30:00	85.9725	330.89	330.89	330.89	0	0	0	0	24587	5760.81	2434	0		23818	5061.71	2283.93	0											
2025-11-01 21:45:00	85.9725	5	5	5	0	0	0	0	24063	5699.38	2366	0		23452	5025.06	2273.33	0											
2025-11-01 22:00:00	85.9725	3	3	3	0	0	0	0	23553	5628.64	2298	0		22975	5309.84	2241.21	0											
2025-11-01 22:15:00	2.25	5	5	5	82.7225	330.89	330.89	330.89	23137	5836.39	2235	0		22392	5317.69	2909.58	0											
2025-11-01 22:30:00	2.25	4	4	4	82.7225	0	0	0	22546	5592.85	2177	0		21946	5173.16	2808.43	0											
2025-11-01 22:45:00	2.25	0	0	0	82.7225	0	0	0	21651	5129.07	2116	0		21499	4988.74	2688.29	0											
2025-11-01 23:00:00	2.25	0	0	0	82.7225	0	0	0	21171	5146.17	2057	0		20915	5173.12	2630.52	0											
2025-11-01 23:15:00	0	0	0	0	0	0	0	0	20530	5353.79	2001	0		20528	5338.53	2476.6	0											
2025-11-01 23:30:00	0	0	0	0	0	0	0	0	20006	5783	1948	0		20211	5149.77	2255.27	0											
2025-11-01 23:45:00	0	0	0	0	0	0	0	0	19646	5716.02	1895	0		19703	5137.1	2011.8	0											
2025-11-01 24:00:00	0	0	0	0	0	0	0	0	19646	5814.85	1896	0		19697	5213.25	2157.22	0											
2025-11-02 00:15:00	480.635	747.89	747.89	747.89	390.45	390.63	390.63	390.63	23585	7575 	2038	0		23242	5893.48	2174.86	0											
2025-11-02 00:30:00	480.635	393.63	393.63	393.63	390.45	390.39	390.39	390.39	23233	7266 	2000	0		23112	6275.14	2078.19	0											
2025-11-02 00:45:00	480.635	390.63	390.63	390.63	390.45	390.39	390.39	390.39	22706	6916 	1963	0		22646	6357.93	2053.54	0											
2025-11-02 01:00:00	480.635	390.39	390.39	390.39	390.45	390.39	390.39	390.39	22242	6554 	1927	0		21913	6259.71	2046.14	0											
2025-11-02 01:15:00	386.82	390.39	390.39	390.39	344.575	385.63	385.63	385.63	21715	6245 	1898	0		21434	6083.94	1999.58	0											
2025-11-02 01:30:00	386.82	385.63	385.63	385.63	344.575	330.89	330.89	330.89	21315	5744 	1876	0		21025	5670.07	1867.64	0											
2025-11-02 01:45:00	386.82	385.63	385.63	385.63	344.575	330.89	330.89	330.89	21059	5685 	1859	0		20741	5387.43	1782.11	0											
2025-11-02 02:00:00	386.82	385.63	385.63	385.63	344.575	330.89	330.89	330.89	20660	5549 	1850	0		20502	5055.67	1816.63	0											
